Time Diff
11.28229394
30.09517314
-15.92360887
-16.86890521
3.922676879
9.420462975
3.066818515
13.72217648
45.71151522
0.8244129971
23.2460117
-12.42856213
30.33761946
20.18597876
-14.42034774
-13.65996722
-2.873343252
0.9371684129
9.20606926
10.10882078
12.87232057
21.35620206
37.6736713
10.23915253
12.00125061
-13.89115291
26.95266807
26.84587899
13.16850399
33.46905635
29.39476413
6.132225782
-31.22028358
16.35850475
-10.94069631
5.610765535
-6.12969831
43.12402884
-2.808694262
15.18171657
3.155545266
12.06275695
-22.52816465
30.54979128
8.279595485
23.63075547
18.07342205
-15.78554005
19.86190023
-17.06981171
12.46651082
39.78393421
12.0800188
11.50851219
25.03563691
-5.348626972
13.29490115
2.259105406
-8.554728615
-8.700471417
0.4585105339
23.99033561
7.420657773
31.05403242
-5.670040101
11.39270028
-1.701371097
4.563396973
27.53031104
2.428671965
20.38762943
29.08468605
16.87751054
1.930494532
32.06626744
-16.50105124
-22.15678192
-19.83602478
-5.526880302
11.07952836
-22.73969149
15.72140544
32.75759731
-9.979197245
-3.151868599
3.969466044
10.84406854
-10.52739475
33.43985482
-14.71892298
25.31333952
7.192772603
5.084129144
21.52758484
13.96417973
7.124238212
-17.58470121
-21.99029739
-4.115939976
16.94621954
1.846941844
7.721867073
1.098994396
36.9413085
-1.023498193
9.445318732
35.51451508
16.42955999
6.456306775
-0.3296285275
2.910872057
13.98296165
20.71095859
11.07305235
50.4718234
19.78213478
39.70343626
26.20537474
23.94960649
2.476255305
38.83963847
30.30609672
-17.77179339
3.6146159
3.990717679
4.998770976
21.53094108
-8.87285771
-9.820462733
4.671567647
4.407151847
-24.29612787
28.67669748
-9.650545849
-7.070572435
12.11992634
39.05393331
22.73002908
13.70685896
10.04672104
10.47985007
23.33010418
-6.224590466
7.328602406
-0.8931021951
17.60312716
-4.371968309
-15.61155287
14.98579165
15.89554921
11.08631863
26.20238012
7.824912233
-9.966139862
23.31288626
15.58766413
-15.11190214
19.01477966
31.08028912
26.03569703
-32.98486805
18.34133711
17.62932509
22.54691935
26.63120826
-7.022045396
31.34442818
39.46292346
13.93743714
28.93617327
8.651706298
5.961795027
32.78684619
28.49314716
21.70170643
9.799954432
1.358007609
-7.131761365
19.97424952
21.46915628
25.40496888
-17.92928822
6.148658225
18.56520508
-13.86562084
19.73455066
19.3938507
27.03478329
0.009006017849
3.12381222
7.622769923
45.85725078
-20.71032331
3.75359841
24.67161963
12.81772122
17.96586059
-10.71981645
13.30758373
24.86644912
8.570632578
20.66437349
-7.172835414
50.33117438
24.14764432
26.92414821
17.66207146
35.46423682
29.01547307
1.562150455
26.61849148
2.080754863
-28.0269457
19.6580056
30.94774077
37.29077834
19.70890614
5.982706818
-2.253373064
19.59727643
5.131828628
13.04120578
-4.423177181
-13.70764509
8.55663038
12.91510921
25.34922724
-3.039649622
4.084243997
-13.03789906
4.923587542
17.59271063
19.17710574
15.35578649
3.681965651
18.72377805
7.145497764
4.661491233
31.25210245
23.79255132
34.76985406
10.7598656
13.25345612
-3.50630101
-17.65403158
16.46057123
1.406374794
24.85230743
-7.119213028
25.00073376
16.1482216
-34.2762682
9.293155518
31.41678033
9.748978343
22.20936158
-2.972792973
14.60658428
-16.60103877
26.86155371
-27.83704067
6.191574785
1.749516782
14.01457457
-18.20137146
-14.52806
-4.995063849
-5.887379985
12.96917963
32.66946241
-2.818184371
-13.53250293
-9.090907458
1.084757375
21.63710421
6.798092984
23.46548056
11.70310092
-17.99184666
10.95300535
9.663882992
7.140251001
21.73888626
-10.64100613
-5.399663963
10.31022026
10.89664712
-10.02272428
36.28392679
28.16245838
-18.97547417
23.3593683
23.24505039
-26.75358816
3.343087699
-4.536280151
-0.9859361473
26.9946145
-28.3144036
11.04938673
16.01362493
35.52305898
11.62188666
28.06433037
7.470857307
16.11491298
13.17391299
0.8144123104
-14.90021374
6.275508004
2.850699747
-8.527938612
-10.22044316
12.20051839
10.43236558
2.650283697
24.06362624
-3.542655586
-17.96910821
15.69663619
9.770911554
-3.780444651
31.20352515
-29.33365755
-10.28418613
10.14061384
29.52236445
14.82958139
45.51953989
-14.04745748
18.63104065
33.84639394
26.07730242
-1.040677283
5.418708786
0.1095443133
16.12266854
-14.58239815
26.62663687
27.03064679
33.64307369
25.52105548
-1.73525224
22.0939598
24.98006978
22.40551117
1.503663453
6.971415382
6.465351695
5.129768431
37.59227088
5.077428221
29.8357394
19.40070871
21.33400696
11.35898244
8.85276008
26.87389757
-18.22427346
33.76604951
9.16130647
19.59349188
34.90343667
16.00335078
17.71053451
-9.06864891
16.92288635
25.53168249
34.27789208
22.93800462
-19.52722886
5.434376243
2.889365634
-3.937198866
-22.55114894
11.3325659
31.57054757
34.96635692
-3.260832352
8.178790129
2.8089044
36.38738583
22.73586817
34.10261253
-6.347940404
22.1099519
5.66877616
10.59884465
8.133325503
-9.740609209
-1.83122652
20.41582793
8.538914303
8.886722646
-25.56222194
-12.96919794
3.477524751
-0.3898154659
33.08375995
12.04676352
1.933178372
-10.7819459
-11.92175753
23.89834666
-9.712896808
27.44850926
24.16868052
25.96534698
19.34981237
-10.20115829
-5.642377285
4.462599845
-3.428650845
13.1176477
22.41794009
42.54851743
31.09429414
1.802643063
15.0225046
-0.7922859429
17.10597057
23.44144157
8.322109471
0.5904342134
-6.400232431
-22.72801846
22.16092245
14.63488751
30.87794461
-12.0508515
6.825884554
-7.871226413
-5.02357788
17.69573596
3.513982908
33.56084717
19.10243882
14.64530566
-6.333442723
1.651055626
7.167797472
42.65240606
0.2764266858
-6.749074361
4.403847343
15.3672903
2.866050915
3.327397675
15.40280476
8.709120378
15.28426287
-0.4334344382
16.78460436
-0.1062331082
3.086756167
1.85620856
-31.7938297
-5.65061992
-13.35955165
11.11893702
38.81830572
22.5568107
-6.708366703
18.74032727
17.27645723
-3.247990436
11.88590078
29.71822948
-4.434255331
8.922375043
1.544316736
17.82993784
19.3642334
-6.920619362
-8.991640323
11.73412884
17.61278953
14.67721668
25.04198903
32.04239892
8.613400771
-1.965765763
20.74958049
28.87550445
-2.088549346
14.45212928
29.71013629
13.65307681
-29.23166907
26.4629559
30.5129711
41.11850377
14.5707224
33.7214342
-22.39158375
-0.02275020698
-9.436268818
45.61981956
-0.7044068767
29.25651444
-37.33358223
-22.06876111
-0.003535703046
5.474398117
12.08723281
19.6441096
6.417570029
49.67480165
2.396334397
-6.301695563
11.441948
-0.02989339457
13.70619043
6.76026004
19.62247766
13.4454844
13.1617614
26.4237811
2.112266612
39.88973692
0.879419967
-2.553430934
-22.5155266
-9.168836524
12.33035211
1.403723865
3.909386842
6.245214575
1.880257725
10.59912302
11.83929151
-15.01477757
3.767078372
29.34288963
16.87758127
11.66740142
16.62604858
-24.54938971
5.516482455
14.38033511
10.51606892
-7.786152813
10.5271186
-8.116876338
11.64998079
-3.552489034
28.10742404
12.28676557
34.45010047
0.3242731465
8.141480701
14.23738812
21.75557211
-4.695228625
38.31293284
-23.27149199
33.25759263
-6.584971879
11.25295666
16.36509413
11.48181469
-2.40236541
-26.9759071
26.10101692
-1.2191147
26.55662871
-22.51779102
-15.22661462
10.51514282
-4.918140635
-7.182990651
54.16026135
9.454107053
31.16789533
3.510005974
10.96233138
8.099453093
12.72827412
22.55142613
-8.773968207
-6.378921029
-1.513380427
-11.84114533
-7.764805669
7.556226254
-3.090387725
0.1152549595
43.00488425
20.92642542
-4.639305393
19.13951449
-9.78811072
18.68327159
-5.910705044
14.43820355
-0.960437303
-17.11393047
-2.115106517
0.02085838461
33.0589188
-2.554142977
14.84558561
29.98843188
34.88221707
14.36668072
3.820019957
-14.93820943
5.879330677
12.02890989
19.01737064
-9.781607281
2.445434969
-10.06409444
-10.0015555
-3.24815709
-16.58457349
-15.37782266
60.32874334
-42.10666514
10.1357648
3.172338098
-20.76732211
21.59417221
-3.634945155
-19.48141632
16.3188818
-24.78124382
23.85281102
51.32601398
44.36555518
0.1570603808
0.322116416
-13.1969419
-4.470963993
1.096762474
-2.549104956
-2.067969181
17.0338369
-2.442854177
20.72650828
-20.6337319
7.002472732
4.576931668
-19.8700754
4.842728924
-6.271105599
8.302608576
-9.408975146
19.44224687
3.480041058
-19.70320992
10.83625914
13.40782553
15.3709286
9.48676136
-12.0398669
-17.03329457
5.990566588
32.96471081
-24.75027358
23.83864396
14.70513811
32.90278626
-7.502920016
2.611644606
-9.614660765
15.58401028
2.194777918
6.007727523
-1.098511225
28.95861138
-7.624612618
21.71279124
-0.7375272022
-14.32639915
21.23294329
-17.21291449
-16.10394137
-6.729691877
-4.80537644
18.24001856
7.043091882
11.60339178
11.06194201
0.6707701066
21.91519854
9.180237063
-8.555875406
-3.401419614
-11.41134361
-2.881228404
37.6302078
-11.2091609
-23.59135289
-9.151848281
12.1263762
27.20208055
19.79651844
19.17469262
-14.3543666
9.964053206
18.35363833
24.03202039
-2.540808841
36.34030695
-2.61706627
2.646074106
7.74399232
15.87113108
16.91201785
15.43649941
-10.76026561
-2.173529595
-26.37318466
-18.79842262
10.01953572
43.67052045
0.4073835454
-5.64788141
-5.471185683
10.10565066
6.243093125
9.495082012
-2.458985463
-6.309985293
44.63911612
-5.957051072
5.735030388
17.16944422
16.03286363
-12.14288673
37.51358859
4.634128556
-2.788936743
14.19385469
4.971153782
10.13836068
2.054750657
3.94843591
22.4586891
21.28893134
-8.867142484
12.03643067
21.3314444
11.51918912
-26.21543225
5.632861274
-1.822993091
20.14005733
1.95939032
17.19854999
-2.226899588
9.800066821
4.63268317
11.03674605
-23.15628091
-10.24667743
-14.32654147
7.456651114
47.88640773
25.72560476
29.59824754
17.58569357
-7.519467732
24.57728711
10.14856527
36.11970544
-8.688348338
12.56410558
-8.55517543
17.84074476
-7.685289781
28.94213889
8.762958716
2.922826537
15.68788687
11.43491977
5.152452926
3.681970176
0.4233933142
20.24234642
2.454108672
2.186858669
2.351165596
7.366053326
1.246980111
15.58837588
-1.794046256
9.684651403
9.696040318
-2.679500746
13.64586413
-12.68188236
16.10985063
-28.61957387
-5.132570836
-1.777510244
17.27177962
11.7278355
18.85733225
-24.64119605
-25.99875283
-7.180105118
18.72003381
21.49618879
-4.989220369
18.96115173
11.59014946
7.516340519
35.70142368
-11.04421163
-5.983287006
-9.454034348
3.441480884
1.821510711
13.09626153
17.23792832
2.94339416
-0.8575551737
5.302083633
2.879318578
8.518388278
6.808164448
20.4436622
5.303383699
0.2035740424
8.080983463
13.81551173
-14.83161399
-8.410911168
7.093166799
15.07815525
20.38414141
32.13205964
9.289556353
9.555370094
-26.19244687
16.23315272
-3.637534365
-13.96801558
25.39585385
2.118292928
20.97747255
10.08895672
8.291001683
-4.560726888
38.71971423
12.30699726
13.60330452
6.384443152
24.64326506
-11.85749186
-4.781028989
3.829367196
-28.21624454
26.88689476
-9.154659135
16.0360677
7.281383009
33.57407535
-13.15098114
7.722993256
29.89351949
-2.330596973
21.47639826
42.97770579
-10.50224557
-1.795547699
1.224949925
-9.050326987
-3.575635463
12.50946181
-6.990807239
-2.918653657
-2.257588999
-28.85420823
12.17485554
-1.450836318
-5.09271866
-21.72599926
-4.35712145
20.83688368
8.211177286
28.48992567
2.815291312
47.69148406
24.77465372
11.83284259
9.501882881
23.61905099
-10.18698838
2.34437226
8.138125088
6.583393086
17.12904297
1.426400884
3.349682437
-11.34613371
7.547343823
36.56304082
6.485846262
-18.56725697
-5.842347051
7.020341157
9.175489607
-15.19829827
-13.19208297
20.05401355
14.8683485
18.13801932
-4.289678473
19.3124552
7.571170682
-2.604199061
50.0626923
38.48072691
28.24249269
-6.434866678
17.43084018
17.59441951
0.3125619402
40.11899076
-13.12520081
19.50808815
24.62206213
19.61502515
-7.498524084
8.291525779
4.789527757
18.46728937
-8.03211874
-18.61642476
18.01293704
16.93480008
6.009233224
3.714135074
2.099661272
1.241615766
14.85658085
-25.04607761
26.52575097
-4.246961204
-11.76314897
15.16582622
9.629507888
-4.474890563
-7.659111046
35.54973749
1.35734149
-24.81909809
11.6796787
-10.96073306
10.52793156
1.457636715
16.31016399
3.350313166
-0.4730573422
5.454048998
35.43246077
9.885633491
19.22164285
0.882737975
8.741823717
10.66888508
5.513547783
22.92408255
-19.3486023
4.395755378
8.165365736
7.692833658
0.8772584673
-0.6524017201
4.838636334
2.768028175
5.247517941
12.06951047
11.40002216
5.007775702
19.25069212
-28.59593466
-14.36521986
17.29245674
25.29321739
5.481686992
28.9315308
-9.459430016
8.828267262
-12.90833855
23.73655845
17.75354775
-13.81046809
20.05946923
10.34679895
9.163758943
5.967160707
14.75637858
23.50256199
44.01455716
-16.50469946
18.28349732
7.779088944
12.60285133
28.51724838
7.117216117
17.5221186
-17.69573118
20.56066044
-12.71131433
-27.31834727
6.68135751
1.530869315
-7.522111708
29.66506362
-8.131527828
-11.92535225
-5.365150068
-7.112276506
5.501931684
6.679617673
20.80315034
18.59979932
9.397030737
22.59202402
3.643828259
30.31544402
26.53907808
-14.83749248
4.470142955
-14.43199313
3.450308874
14.74825775
17.70355355
26.53983142
-1.111034689
-14.18449243
32.34533512
-7.927712316
10.77301392
-13.64662292
-17.09994399
25.44372654
8.567401413
-3.754686181
21.49534854
8.664489332
42.39130145
8.673876463
28.78663459
3.213255496
-9.695734655
4.801835934
-23.54150988
-19.94248867
3.032443867
21.6689533
1.648762588
9.394871873
-12.47120868
2.530365705
1.619522215
5.134256421
-8.08562225
34.36933719
10.73219208
11.24948564
-7.479979762
-7.652608681
9.662156052
16.29366127
-22.46312404
49.39639371
-23.82958871
4.998228639
24.20633117
-15.88814178
-10.66165051
23.809586
2.960888085
20.91728302
20.47629372
40.65863883
5.640165428
-8.23886319
34.37519176
19.91655261
-11.21604723
4.958689343
7.629205474
46.16471551
24.36419988
14.24568471
12.12611695
19.56235729
-22.5736243
3.326728428
16.10268113
36.40079503
-6.632694615
18.05890713
11.9301975
21.45940036
-2.406552265
8.649861307
-0.7486148084
0.6555801251
-9.370097001
26.35226563
-7.880186373
1.220603846
11.29630211
-7.958712917
11.56723665
-1.561120703
34.96575371
0.7327277698
0.2168588666
13.04830021
5.72084219
-9.929339981
-1.373087281
29.29568382
0.04184062876
21.07764785
-6.450467562
4.626755732
41.81459162
19.35544752
-4.358223411
-5.768616701
10.82680138
28.79540989
33.89016906
34.70411291
2.375474297
34.74106132
-1.916115763
16.26369883
0.2868297156
5.641083544
-17.51177131
11.27289266
8.004975967
2.253468856
-22.00977676
17.1274465
-13.87600082
7.358626791
34.34606782
32.06887439
39.08901654
7.744124422
8.679380923
-9.312486284
7.41408165
16.13204022
18.23549612
-2.081899578
-21.42494611
35.29200844
3.315178925
8.616197905
-8.287539238
20.09036504
25.99311191
2.330199745
19.68571242
-12.35338971
12.59403459
26.46647066
7.817325004
-3.576008445
2.673571229
-13.30319583
6.28346657
-8.532933968
19.69673354
-26.08075312
17.85992055
3.637198285
5.148186197
15.65292752
-9.661296951
-15.90177627
4.28086602
-19.55673905
7.418947591
45.37146847
36.75514427
33.8029239
-0.8181568119
8.046553122
7.493850892
4.421359113
20.22367559
19.55776275
18.83838378
-16.77881956
-13.17181909
-14.29915939
29.10257231
13.62360376
40.19456497
-2.288105196
3.346681038
9.314586167
-6.797902477
29.56869116
-4.648021396
5.187377654
-9.774505301
3.293121953
4.114096753
-5.350025818
-2.674622999
-21.05735893
-5.088364475
-10.28936956
4.81416477
-6.330183086
34.94500534
-12.07539437
-7.891011497
22.72481507
16.48853864
18.111952
50.65428545
-2.269939761
-16.92674403
13.16905521
2.638068478
14.05334184
21.65210997
11.28981803
-20.40648342
2.904347005
-3.326509752
2.876809851
30.0191528
11.63471345
11.75599131
1.326012973
1.557148049
16.15358674
0.6463850243
7.279170458
12.25188549
10.5912562
-6.586602652
-4.782182049
8.559959867
21.28991614
24.40566096
-25.82913836
13.88091878
5.529022136
21.56769381
11.91658524
-13.06301852
-11.40323817
4.850798583
36.36328288
-4.119315512
0.3197273076
4.011163152
7.701034118
-6.325695935
27.47870169
27.40049017
-19.00669959
14.24627869
5.87470573
31.74275345
15.9351968
19.81405337
19.74323128
5.539342683
5.906518507
22.38390675
39.89287216
37.44774974
2.843538416
15.85379551
38.3583779
14.92661268
14.74711441
-16.54699123
-34.09676501
-6.959272049
29.53917987
-18.00161568
28.63537811
9.594797156
21.6430315
19.3520837
11.68804254
23.91053611
0.5117195751
18.84691341
27.52039326
39.35489269
9.537510681
-34.22157221
-2.307111506
-4.246086857
-4.874108692
21.06222974
-2.678879152
14.7424945
9.663722267
9.783252312
28.33032521
-19.89177597
0.9558627319
13.43658752
-6.272634069
7.602053912
6.981374406
15.58051688
12.09890285
-25.29271443
-3.57916964
16.55780406
7.223528039
5.804974196
-9.181841332
-12.45551041
46.15691846
-17.06162812
3.347128069
7.774277877
-2.787320294
20.58892641
4.809294235
4.611272043
-2.820010359
-3.895563022
13.05947414
19.14738299
12.06564658
19.33175098
9.663377078
2.278630126
1.702179394
29.26418666
20.83888094
-1.353634076
-20.22681034
19.19343165
-1.61098776
9.932045284
16.69459965
19.15452269
40.59140676
-10.86701674
30.27156659
-3.442739537
8.342417791
16.94077572
38.00471269
-14.39554652
24.33433962
-1.570861453
6.223426438
17.87921185
12.24801607
26.1013261
-26.02413094
-35.80548994
10.6396272
20.28639094
8.512560094
-35.04159996
38.64384977
22.8225034
-12.34429961
8.186986874
27.65669727
0.3394871902
-25.39054386
5.275314113
21.47544482
17.00790835
9.474360338
-15.27772384
10.86823746
-17.13926244
49.6267868
27.63396622
21.42254808
19.41497879
-6.555043858
1.215390173
-12.80529761
1.962212982
-2.349475139
23.74177679
-12.28094765
7.514300277
-5.363300842
4.799858957
-3.721075795
-2.607521275
-36.37649884
-25.85418866
12.86282692
-7.53321113
0.7409913879
-23.20681579
1.628141858
21.06100337
-13.57549896
0.3705668487
6.600882192
30.85945659
-13.6705981
-22.51571287
-4.225862495
27.79376402
-12.68020277
-0.6295067736
7.563265634
13.63197356
3.609147247
27.58136043
21.21214702
28.29825729
-0.732075293
-7.250881876
1.690996837
27.28065279
12.96278953
25.43826407
-2.073814175
25.71420509
17.80680524
10.87148285
22.13370057
-4.563826485
-2.404706613
19.66197513
12.50917058
-30.36728138
51.24065237
-20.96997467
-33.39542221
26.00560889
15.01198601
34.60796775
8.984309066
2.348248403
11.20626221
5.233226089
14.73256466
10.62897175
-2.63987042
-28.82935229
14.30666442
8.10113809
14.05489443
7.720102712
12.2610376
3.531065983
-0.4045199909
9.220103778
-0.08764976514
29.77448113
14.94039756
3.139411665
-3.195433863
4.512088281
24.52223484
-4.558907486
11.75722983
2.27538885
7.865937219
-18.31318048
12.81802316
2.090631329
25.29305419
6.582634631
20.50392759
-8.883357153
-16.33519023
29.55779193
5.043468255
14.47316971
-9.543234151
34.30810287
-5.534448571
12.66914892
28.06174115
11.73033279
-6.894513451
-11.32477877
-11.55156665
13.8036188
6.409973137
9.513186362
41.72740137
-39.45622735
2.205958038
-12.93079926
26.82193666
-38.00911888
2.134621371
8.717663855
11.24117308
1.386646321
-9.317613375
8.696485561
-11.66273996
33.24132137
30.89883639
15.93829352
-12.5035112
30.52302296
12.86288071
4.974868965
7.507303042
25.06328243
-1.149319271
17.99254348
11.13968299
-8.097799903
-25.71624121
10.32851518
8.18174304
22.71070234
-0.184172489
-2.330269985
30.38373779
-12.81887006
-21.34797299
24.50929325
3.813913762
35.23921643
18.39242281
-11.15776147
-22.61320617
23.03773528
-4.129825067
35.33757691
9.089621952
14.18733729
13.52665345
-10.80882551
8.5239219
29.24072396
3.057515992
9.43739779
12.19797693
28.45643028
-6.261592558
3.426980459
8.891522767
-25.70128797
9.43471465
32.97674139
31.69465195
-22.95076731
6.203061145
25.69392282
0.1671737365
-12.90066832
24.01312825
-2.631196228
24.71208917
-19.29256714
18.759803
18.70628392
27.43101547
-14.90568952
-5.094975713
-10.16457302
-3.279053755
42.91832271
28.09111344
4.13901333
18.3333412
15.43541294
18.48381429
-1.290528266
-6.369334117
-12.35703886
6.232524789
38.16621206
-6.047827052
-11.37040579
26.17696185
4.935346084
-11.05590211
14.89646682
-15.85769692
-11.36702432
-12.87398052
4.360417002
9.154893576
13.08090528
12.67793049
4.092583646
-2.668836818
-1.678240873
4.427761732
-11.43452488
4.781519646
-3.515615681
-16.29832482
15.62959815
9.812790401
6.54109197
16.55496251
3.096303874
10.47440151
-1.610323441
4.498077161
4.922483662
20.63350005
24.02357674
-2.160740613
-10.54093563
11.77822875
7.74321757
-13.67070038
-21.52292746
-8.145155515
-13.62749359
-17.51213074
1.980366772
13.40397608
17.11906539
17.14148807
12.11168797
-2.114948222
9.61963119
4.167418375
54.80614992
43.44786449
-15.94725976
-5.21374826
-0.7435098031
19.18395949
19.54658684
19.05323645
-0.7338784304
42.2725541
-10.98778644
19.59914272
6.308134862
2.238707714
6.515747358
6.449332471
-14.52524428
18.07842015
38.18248796
25.3042621
-12.13477614
3.049175015
11.21976961
-10.17097039
-5.088136276
19.78419919
8.39896514
30.44611019
32.12912238
-16.69185273
36.3008845
20.49395346
-6.425496885
1.109006642
49.45583905
-6.044867555
17.23917123
5.419186547
31.30266777
-21.89890813
49.24136868
-3.147482494
6.035173002
3.313612399
33.44253622
20.06899379
17.54206843
11.10444233
27.9527553
23.78598368
20.29753841
32.57790863
-9.456652352
19.12735672
7.678651231
14.51039967
-15.21644408
35.36289578
10.29736822
-25.11667297
3.940055308
-1.875710589
13.05071986
-32.2323611
16.73798245
31.51626459
7.630524468
-11.43831759
22.43268407
-14.77095459
-17.89700242
-3.635508916
-1.133991248
24.02009418
-5.472451777
6.569401383
-2.273148095
6.2763171
12.8673858
1.141948093
30.4548503
13.3252031
35.42442144
-2.956094464
-2.55601541
30.26345939
22.78309621
-9.154686628
49.64824055
0.987266458
22.39232158
6.104918298
19.10731039
29.89517638
18.82438204
-6.714240287
5.930671131
25.94596389
22.05736449
-2.011410149
16.12242437
6.88351268
-17.46294908
1.375096539
38.53063937
38.42350773
-8.585298494
-0.9467652682
36.75097412
-2.575798295
-3.30256268
10.93907122
-3.201599536
46.85093481
19.34474609
2.210087245
20.7830387
20.19888516
5.110507871
15.45267788
16.89371522
-3.08537726
15.03257577
18.40387592
5.416736997
14.57734451
0.13613928
15.63317404
52.29230427
24.7721407
3.171265405
16.53336101
-11.47711976
-19.96281901
0.9406468325
15.86659973
15.58320016
18.63349088
34.90446426
-7.741289154
12.46189015
42.75216341
-15.53059445
11.51788502
10.92174284
4.688041275
20.49041476
-15.37352245
12.62238877
10.35983209
11.78240114
-24.20016101
-4.253139028
6.491900443
-23.03314833
-11.38650035
-4.005714673
11.2280805
26.67767896
13.40407505
6.74279066
-8.243448012
-2.826349888
-0.7061384296
-19.87046634
-15.21528155
-5.600406676
14.13318794
33.84887231
22.79213329
33.49593317
24.22757805
0.7116701262
21.959888
-2.858839808
17.92770703
-14.07669065
52.64074352
27.52023058
33.79913361
10.20811314
-17.48861405
22.26892076
39.96960461
27.51120319